SEC ID,2011Q1,2011Q2,2011Q3,2011Q4,2012Q1,2012Q2,2012Q3,2012Q4,2013Q1,2013Q2,2013Q3,2013Q4,2014Q1,2014Q2,2014Q3,2014Q4,2015Q1,2015Q2,2015Q3,2015Q4,2016Q1,2016Q2,2016Q3,2016Q4,2017Q1,2017Q2
revenue
353020,210587000.000,224985000.000,246218000.000,256795000.000,230594000.000,257531000.000,265155000.000,274683000.000,231652000.000,242100000.000,307665000.000,310003000.000,306234000.000,322868000.000,350138000.000,352181000.000,309166000.000,337096000.000,356595000.000,330713000.000,293908000.000,297686000.000,308524000.000,321802000.000,325175000.000
cash
353020,107343000.000,108004000.000,96740000.000,106129000.000,130450000.000,106725000.000,101314000.000,133676000.000,118957000.000,118232000.000,126687000.000,158045000.000,143738000.000,146146000.000,115941000.000,174965000.000,135925000.000,173072000.000,167584000.000,209253000.000,127859000.000,110792000.000,113264000.000,129500000.000,87602000.000
property_value
353020,162325000.000,169985000.000,169157000.000,168945000.000,170740000.000,174072000.000,182819000.000,185966000.000,183493000.000,180303000.000,187294000.000,182303000.000,179211000.000,180379000.000,169873000.000,168213000.000,161539000.000,162592000.000,160203000.000,144833000.000,151086000.000,153741000.000,158276000.000,156747000.000,156690000.000
assets
353020,909238000.000,987108000.000,1122557000.000,1124964000.000,1145594000.000,1171142000.000,1191829000.000,1217894000.000,1175448000.000,1184299000.000,1364833000.000,1362918000.000,1340851000.000,1378832000.000,1355190000.000,1295673000.000,1254483000.000,1280838000.000,1296785000.000,1258307000.000,1228382000.000,1234928000.000,1230134000.000,1193582000.000,1175402000.000
operating_expenses
353020,5489000.000,7840000.000,9498000.000,21710000.000,10899000.000,18363000.000,26142000.000,23718000.000,5281000.000,15823000.000,22032000.000,23746000.000,9134000.000,20619000.000,-13934000.000,-35631000.000,9125000.000,14523000.000,24938000.000,-28640000.000,-4139000.000,8145000.000,20505000.000,26315000.000,14133000.000
liabilities
353020,284392000.000,337811000.000,486278000.000,475975000.000,486057000.000,500170000.000,494418000.000,501774000.000,467691000.000,472566000.000,642680000.000,635997000.000,615750000.000,648784000.000,663762000.000,650588000.000,628537000.000,659851000.000,662048000.000,663751000.000,663229000.000,674442000.000,662337000.000,617399000.000,594530000.000