SEC ID,2011Q1,2011Q2,2011Q3,2011Q4,2012Q1,2012Q2,2012Q3,2012Q4,2013Q1,2013Q2,2013Q3,2013Q4,2014Q1,2014Q2,2014Q3,2014Q4,2015Q1,2015Q2,2015Q3,2015Q4,2016Q1,2016Q2,2016Q3,2016Q4,2017Q1,2017Q2
revenue
1156375,831600000.000,838300000.000,874200000.000,736500000.000,774600000.000,795900000.000,683200000.000,660900000.000,718600000.000,816100000.000,714600000.000,687000000.000,777400000.000,731600000.000,762400000.000,841100000.000,842700000.000,820000000.000,850300000.000,813800000.000,934200000.000,906400000.000,841700000.000,912900000.000,929300000.000
cash
1156375,664700000.000,693600000.000,829300000.000,1042300000.000,1061700000.000,1293200000.000,2016900000.000,1604700000.000,1843400000.000,1968000000.000,2065000000.000,2469700000.000,1053700000.000,1037300000.000,1087900000.000,1366100000.000,1694800000.000,1151000000.000,1434300000.000,1692600000.000,1146000000.000,1161100000.000,1420500000.000,1868600000.000,1287800000.000
property_value
1156375,797000000.000,812800000.000,813800000.000,821900000.000,816500000.000,703700000.000,705400000.000,724000000.000,709900000.000,713200000.000,714200000.000,513400000.000,508400000.000,503400000.000,498700000.000,508900000.000,503300000.000,499200000.000,496100000.000,491700000.000,449800000.000,437900000.000,426700000.000,425200000.000,411600000.000
assets
1156375,34709000000.000,35589200000.000,38887600000.000,40758700000.000,39289100000.000,37945900000.000,39858000000.000,38863200000.000,42421800000.000,46882700000.000,48979900000.000,54277800000.000,53167100000.000,51611300000.000,63970300000.000,72241500000.000,77128400000.000,73663100000.000,80949600000.000,67371500000.000,68768200000.000,67625600000.000,63251300000.000,69369400000.000,75476000000.000
operating_expenses
1156375,524100000.000,534500000.000,572100000.000,390400000.000,451200000.000,469200000.000,396000000.000,375600000.000,405500000.000,507800000.000,400500000.000,323200000.000,454500000.000,412000000.000,430400000.000,471500000.000,507300000.000,495100000.000,516400000.000,469900000.000,573900000.000,563300000.000,525300000.000,540200000.000,601200000.000
liabilities
1156375,13852900000.000,14616100000.000,17953800000.000,19136400000.000,17670000000.000,16247500000.000,18069800000.000,17357500000.000,20783800000.000,25028100000.000,27002000000.000,33117300000.000,31857000000.000,30145900000.000,42433200000.000,51318000000.000,56032900000.000,52404300000.000,59572800000.000,46819700000.000,47926800000.000,46551700000.000,41986400000.000,49028700000.000,54921800000.000