SEC ID,2011Q1,2011Q2,2011Q3,2011Q4,2012Q1,2012Q2,2012Q3,2012Q4,2013Q1,2013Q2,2013Q3,2013Q4,2014Q1,2014Q2,2014Q3,2014Q4,2015Q1,2015Q2,2015Q3,2015Q4,2016Q1,2016Q2,2016Q3,2016Q4,2017Q1,2017Q2
revenue
1048477,109456000.000,110631000.000,113425000.000,107846000.000,116649000.000,124019000.000,128117000.000,131938000.000,127928000.000,136810000.000,136874000.000,146873000.000,151552000.000,191787000.000,176847000.000,230854000.000,203264000.000,250523000.000,208904000.000,227204000.000,236736000.000,300131000.000,279896000.000,300091000.000,303745000.000
cash
1048477,90782000.000,112956000.000,71254000.000,46272000.000,82586000.000,177757000.000,181330000.000,180527000.000,154380000.000,175445000.000,181565000.000,568781000.000,639778000.000,584717000.000,398005000.000,875486000.000,900570000.000,440664000.000,376346000.000,397040000.000,270453000.000,305969000.000,707349000.000,408330000.000,348234000.000
property_value
1048477,217884000.000,216496000.000,266190000.000,268971000.000,264317000.000,267374000.000,273724000.000,284473000.000,281865000.000,282002000.000,285664000.000,319316000.000,437066000.000,469862000.000,486741000.000,523516000.000,538117000.000,568051000.000,604513000.000,704207000.000,716916000.000,724494000.000,729836000.000,798768000.000,824013000.000
assets
1048477,1264146000.000,1280392000.000,1295076000.000,1303681000.000,1297085000.000,1532527000.000,1567376000.000,1601643000.000,1598293000.000,1601520000.000,1620530000.000,2249217000.000,2340728000.000,2345685000.000,2440433000.000,2490453000.000,3658686000.000,3648689000.000,3624853000.000,3729368000.000,3666993000.000,3087304000.000,3842238000.000,4023690000.000,3938607000.000
operating_expenses
1048477,2294000.000,768000.000,-15517000.000,-21435000.000,-21866000.000,-30954000.000,-10491000.000,-46904000.000,-32921000.000,-20052000.000,-50724000.000,-52310000.000,-26456000.000,-18882000.000,11203000.000,-58756000.000,-65860000.000,-64240000.000,-81873000.000,101271000.000,-80917000.000,-572806000.000,-60085000.000,-89621000.000,-20208000.000
liabilities
1048477,543306000.000,548087000.000,520537000.000,530633000.000,525135000.000,532101000.000,552182000.000,585880000.000,348141000.000,343262000.000,344044000.000,908176000.000,880607000.000,883716000.000,931991000.000,962559000.000,1233231000.000,1291732000.000,1332213000.000,1328521000.000,1376757000.000,1169728000.000,1196430000.000,1257415000.000,1169520000.000