SEC ID,2011Q1,2011Q2,2011Q3,2011Q4,2012Q1,2012Q2,2012Q3,2012Q4,2013Q1,2013Q2,2013Q3,2013Q4,2014Q1,2014Q2,2014Q3,2014Q4,2015Q1,2015Q2,2015Q3,2015Q4,2016Q1,2016Q2,2016Q3,2016Q4,2017Q1,2017Q2
revenue
908937,723839000.000,744397000.000,762550000.000,783738000.000,804722000.000,837543000.000,867360000.000,892415000.000,897398000.000,940110000.000,961509000.000,1000078000.000,997711000.000,1035345000.000,1057087000.000,1090952000.000,1080990000.000,1123210000.000,1169712000.000,1196146000.000,1201010000.000,1235566000.000,1277646000.000,1302998000.000,1294066000.000
cash
908937,433695000.000,528327000.000,604592000.000,773990000.000,746576000.000,868330000.000,556270000.000,520945000.000,206727000.000,651769000.000,716784000.000,134805000.000,121171000.000,169980000.000,103585000.000,147724000.000,482043000.000,294053000.000,152545000.000,111838000.000,101952000.000,476453000.000,572382000.000,213939000.000,230488000.000
property_value
908937,1744539000.000,1722673000.000,1702566000.000,1673919000.000,1645610000.000,1631110000.000,1601363000.000,1571922000.000,1542970000.000,1523615000.000,1542887000.000,1594574000.000,1571460000.000,1549881000.000,1522635000.000,1510112000.000,1477657000.000,1463827000.000,1440368000.000,1415401000.000,1400755000.000,1373874000.000,1381114000.000,1398693000.000,1408152000.000
assets
908937,7229420000.000,7303785000.000,7324837000.000,7495996000.000,7501724000.000,9535081000.000,9155042000.000,9054843000.000,8643197000.000,8951186000.000,8906312000.000,8844780000.000,8734175000.000,8624534000.000,8449357000.000,8375509000.000,8550009000.000,8408071000.000,8140881000.000,8046662000.000,7928242000.000,8139845000.000,8422827000.000,8003595000.000,7931806000.000
operating_expenses
908937,164172000.000,172982000.000,184488000.000,154475000.000,199238000.000,227942000.000,231749000.000,213096000.000,246931000.000,267736000.000,284529000.000,245357000.000,247407000.000,284578000.000,294028000.000,293657000.000,313806000.000,219429000.000,351584000.000,293869000.000,348234000.000,362156000.000,392179000.000,329560000.000,393840000.000
liabilities
908937,6930794000.000,6809174000.000,6709825000.000,6791851000.000,6652145000.000,5521491000.000,4998867000.000,5015278000.000,4905816000.000,5712340000.000,6071644000.000,6099038000.000,6008762000.000,7138645000.000,7275942000.000,7065672000.000,7661831000.000,7960807000.000,8079969000.000,8213153000.000,8492186000.000,8914964000.000,8929341000.000,8795610000.000,8852884000.000