SEC ID,2011Q1,2011Q2,2011Q3,2011Q4,2012Q1,2012Q2,2012Q3,2012Q4,2013Q1,2013Q2,2013Q3,2013Q4,2014Q1,2014Q2,2014Q3,2014Q4,2015Q1,2015Q2,2015Q3,2015Q4,2016Q1,2016Q2,2016Q3,2016Q4,2017Q1,2017Q2
revenue
750004,196656000.000,220248000.000,222739000.000,239079000.000,234575000.000,229307000.000,227477000.000,249243000.000,219588000.000,235044000.000,234407000.000,401861000.000,388100000.000,416900000.000,415600000.000,565800000.000,658700000.000,691500000.000,671600000.000,737000000.000,682000000.000,729200000.000,720000000.000,752200000.000,725400000.000
cash
750004,118591000.000,127256000.000,86879000.000,104402000.000,100403000.000,112431000.000,135954000.000,109015000.000,90019000.000,78084000.000,73461000.000,153700000.000,169100000.000,89200000.000,132500000.000,171800000.000,151200000.000,129100000.000,102100000.000,128700000.000,145700000.000,101400000.000,120900000.000,115100000.000,131900000.000
property_value
750004,444817000.000,436684000.000,438299000.000,426488000.000,419516000.000,402536000.000,396400000.000,376877000.000,380684000.000,374108000.000,375069000.000,772600000.000,765600000.000,766800000.000,739600000.000,1012800000.000,967700000.000,902200000.000,868400000.000,794000000.000,734800000.000,695500000.000,663800000.000,612200000.000,584700000.000
assets
750004,2205861000.000,2214691000.000,2196341000.000,2161901000.000,2176143000.000,2123350000.000,2198035000.000,2186908000.000,2134226000.000,2103303000.000,2156228000.000,4241900000.000,4260100000.000,4183500000.000,4038900000.000,9995200000.000,9703400000.000,9486500000.000,8615100000.000,7732200000.000,7690700000.000,7465100000.000,7376600000.000,7087400000.000,7073200000.000
operating_expenses
750004,14353000.000,28864000.000,21376000.000,19228000.000,22261000.000,9073000.000,13207000.000,-6333000.000,11129000.000,12452000.000,25655000.000,-67536000.000,-12100000.000,3600000.000,-7800000.000,-156400000.000,18100000.000,-100000.000,-588200000.000,-454400000.000,50300000.000,59100000.000,33500000.000,-12300000.000,88000000.000
liabilities
750004,1721746000.000,1705666000.000,1735564000.000,1718187000.000,1698559000.000,1682297000.000,1797898000.000,1822117000.000,1818076000.000,1793666000.000,1801589000.000,3866900000.000,3974200000.000,3957600000.000,3933200000.000,9991300000.000,9892800000.000,9746600000.000,9595900000.000,9227700000.000,9274600000.000,9132000000.000,9126600000.000,9023100000.000,9068400000.000