SEC ID,2011Q1,2011Q2,2011Q3,2011Q4,2012Q1,2012Q2,2012Q3,2012Q4,2013Q1,2013Q2,2013Q3,2013Q4,2014Q1,2014Q2,2014Q3,2014Q4,2015Q1,2015Q2,2015Q3,2015Q4,2016Q1,2016Q2,2016Q3,2016Q4,2017Q1,2017Q2
revenue
1065088,2545609000.000,2760274000.000,2965761000.000,3380010000.000,3277000000.000,3398000000.000,3404000000.000,3993000000.000,3748000000.000,3877000000.000,3892000000.000,4530000000.000,4262000000.000,4366000000.000,4353000000.000,4921000000.000,4448000000.000,4379000000.000,2099000000.000,-2334000000.000,2137000000.000,2230000000.000,2217000000.000,2395000000.000,2217000000.000
property_value
1065088,1547943000.000,1727081000.000,1859190000.000,1986216000.000,2109000000.000,2238000000.000,2393000000.000,2491000000.000,2575000000.000,2697000000.000,2763000000.000,2760000000.000,2686000000.000,2685000000.000,2825000000.000,2902000000.000,2947000000.000,2781000000.000,1535000000.000,1554000000.000,1497000000.000,1502000000.000,1526000000.000,1516000000.000,1496000000.000
operating_expenses
1065088,564654000.000,518899000.000,536821000.000,753115000.000,653000000.000,695000000.000,667000000.000,873000000.000,800000000.000,750000000.000,799000000.000,1022000000.000,878000000.000,794000000.000,781000000.000,1061000000.000,732000000.000,741000000.000,578000000.000,146000000.000,614000000.000,531000000.000,542000000.000,638000000.000,546000000.000
assets
1065088,23004860000.000,24833954000.000,24900537000.000,27320218000.000,28207000000.000,28258000000.000,32502000000.000,37074000000.000,38000000000.000,38550000000.000,40067000000.000,41488000000.000,40545000000.000,41640000000.000,44476000000.000,45132000000.000,44841000000.000,45658000000.000,18338000000.000,17785000000.000,19608000000.000,19993000000.000,20502000000.000,23847000000.000,24808000000.000
liabilities
1065088,7060447000.000,8624072000.000,8735211000.000,9390339000.000,9498000000.000,9346000000.000,12589000000.000,16209000000.000,16888000000.000,16899000000.000,17300000000.000,17841000000.000,20936000000.000,22670000000.000,24666000000.000,25226000000.000,25303000000.000,25853000000.000,11846000000.000,11209000000.000,13291000000.000,13540000000.000,13683000000.000,13308000000.000,13213000000.000
cash
1065088,5464582000.000,3265826000.000,2998950000.000,4691101000.000,4164000000.000,4038000000.000,7331000000.000,6817000000.000,6530000000.000,6855000000.000,5280000000.000,4494000000.000,4415000000.000,3834000000.000,4790000000.000,6328000000.000,5473000000.000,4971000000.000,2387000000.000,1832000000.000,2686000000.000,2001000000.000,1753000000.000,1816000000.000,1979000000.000