SEC ID,2011Q1,2011Q2,2011Q3,2011Q4,2012Q1,2012Q2,2012Q3,2012Q4,2013Q1,2013Q2,2013Q3,2013Q4,2014Q1,2014Q2,2014Q3,2014Q4,2015Q1,2015Q2,2015Q3,2015Q4,2016Q1,2016Q2,2016Q3,2016Q4,2017Q1,2017Q2
revenue
936402,972200000.000,1062900000.000,1086100000.000,1142200000.000,1171800000.000,1207800000.000,1100400000.000,1201200000.000,1161900000.000,1274500000.000,1236600000.000,1261300000.000,1346800000.000,1502100000.000,1597100000.000,1576100000.000,1488400000.000,1557600000.000,1655000000.000,1715700000.000,1709300000.000,2429100000.000,3452100000.000,3806100000.000,3572300000.000
cash
936402,712000000.000,144600000.000,276400000.000,620000000.000,879400000.000,1112700000.000,1321900000.000,1482200000.000,1450700000.000,1301900000.000,1686100000.000,2239400000.000,139100000.000,153600000.000,467700000.000,2982400000.000,74300000.000,64000000.000,44900000.000,135500000.000,69000000.000,693400000.000,728600000.000,528800000.000,369000000.000
property_value
936402,869800000.000,905800000.000,918800000.000,932100000.000,921800000.000,925700000.000,931900000.000,955800000.000,951000000.000,953100000.000,965100000.000,891800000.000,884000000.000,852500000.000,845600000.000,837500000.000,821900000.000,816700000.000,795900000.000,828100000.000,837600000.000,6596300000.000,6527700000.000,6469600000.000,6496100000.000
assets
936402,5672800000.000,6165600000.000,6065600000.000,6380200000.000,6718300000.000,7041000000.000,7316500000.000,7317200000.000,7585600000.000,7902900000.000,8387900000.000,8323000000.000,10900200000.000,11344400000.000,11540500000.000,13632100000.000,17678300000.000,17030500000.000,17453600000.000,16609800000.000,24055300000.000,70720500000.000,69751300000.000,67035400000.000,66160100000.000
operating_expenses
936402,266500000.000,283300000.000,255400000.000,304000000.000,295000000.000,302200000.000,273400000.000,78600000.000,129100000.000,341800000.000,340800000.000,921800000.000,306900000.000,337900000.000,572000000.000,481200000.000,474600000.000,132600000.000,455800000.000,356500000.000,543900000.000,96200000.000,-405900000.000,728700000.000,497100000.000
liabilities
936402,2903700000.000,3250000000.000,3110900000.000,3195200000.000,3197700000.000,3423900000.000,3438500000.000,3508000000.000,3803500000.000,4071400000.000,4219100000.000,2957000000.000,5254400000.000,5225300000.000,5002200000.000,4969200000.000,8697600000.000,7916100000.000,7899800000.000,6780700000.000,13760600000.000,40957500000.000,39965600000.000,38087400000.000,36428200000.000