SEC ID,2011Q1,2011Q2,2011Q3,2011Q4,2012Q1,2012Q2,2012Q3,2012Q4,2013Q1,2013Q2,2013Q3,2013Q4,2014Q1,2014Q2,2014Q3,2014Q4,2015Q1,2015Q2,2015Q3,2015Q4,2016Q1,2016Q2,2016Q3,2016Q4,2017Q1,2017Q2
revenue
906709,11299000.000,17331000.000,27068000.000,15782000.000,17949000.000,23684000.000,18412000.000,21146000.000,23004000.000,33862000.000,60909000.000,31146000.000,19771000.000,28513000.000,132871000.000,19552000.000,108801000.000,22661000.000,59952000.000,39370000.000,58882000.000,32768000.000,36336000.000,37450000.000,24728000.000
cash
906709,22485000.000,11626000.000,43008000.000,15312000.000,148485000.000,136154000.000,10338000.000,25437000.000,28531000.000,41432000.000,65411000.000,39067000.000,32443000.000,30699000.000,32008000.000,12365000.000,129452000.000,20875000.000,18819000.000,55570000.000,72549000.000,55676000.000,63295000.000,59640000.000,23480000.000
property_value
906709,87628000.000,85381000.000,81649000.000,78576000.000,75557000.000,73713000.000,73256000.000,72215000.000,70112000.000,67849000.000,65082000.000,66974000.000,72968000.000,71070000.000,69275000.000,70368000.000,69267000.000,72158000.000,72532000.000,71336000.000,69852000.000,67774000.000,65553000.000,65601000.000,66642000.000
assets
906709,704478000.000,670854000.000,648093000.000,606550000.000,694789000.000,668443000.000,541452000.000,497790000.000,447901000.000,412809000.000,383035000.000,434527000.000,487013000.000,478137000.000,476902000.000,441621000.000,499212000.000,456667000.000,449246000.000,502061000.000,491879000.000,463099000.000,425095000.000,568871000.000,528486000.000
operating_expenses
906709,-33867000.000,-34264000.000,-21338000.000,-34468000.000,-37932000.000,-26988000.000,-32900000.000,-43381000.000,-45404000.000,-32605000.000,-6525000.000,-35596000.000,-36402000.000,-22916000.000,80321000.000,-37488000.000,43043000.000,-43469000.000,419000.000,-29364000.000,-9484000.000,-38325000.000,-32901000.000,-32145000.000,-54437000.000
liabilities
906709,423240000.000,419578000.000,417296000.000,408739000.000,532302000.000,536159000.000,446120000.000,450772000.000,450521000.000,453358000.000,433285000.000,524430000.000,496822000.000,513497000.000,429684000.000,405289000.000,421907000.000,421568000.000,410193000.000,495632000.000,492154000.000,502350000.000,492948000.000,480746000.000,483737000.000